# test set from Depth-First Iterative-Deepening: An Optimal Admissible Tree Search*

# target:
0 1 2 3 4 5 6 7 8 9 10 11 12 13 14 15
# test cases:
14 1 9 6 4 8 12 5 7 2 3 0 10 11 13 15  45
12 15 2 6 1 14 4 8 5 3 7 0 10 13 9 11  47
12 8 15 13 1 0 5 4 6 3 2 11 9 7 14 10  50
13 14 6 12 4 5 1 0 9 3 10 2 15 11 8 7  52
9 8 0 2 15 1 4 14 3 10 7 5 11 13 6 12  54
13 5 4 10 9 12 8 14 2 3 7 1 0 15 11 6  55
14 13 15 7 11 12 9 5 6 0 2 1 4 8 10 3  57
14 7 8 2 13 11 10 4 9 12 5 0 3 6 1 15  59
14 3 5 15 11 6 13 9 0 10 2 12 4 1 7 8  60
11 15 14 13 1 9 10 4 3 6 2 12 7 5 8 0  64
