# test set from Depth-First Iterative-Deepening: An Optimal Admissible Tree Search*

# target:
0 1 2 3 4 5 6 7 8 9 10 11 12 13 14 15
# test cases:
14 13 15 7 11 12 9 5 6 0 2 1 4 8 10 3  57
13 5 4 10 9 12 8 14 2 3 7 1 0 15 11 6  55
14 7 8 2 13 11 10 4 9 12 5 0 3 6 1 15  59
5 12 10 7 15 11 14 0 8 2 1 13 3 4 9 6  56
4 7 14 13 10 3 9 12 11 5 6 15 1 2 8 0  56
14 7 1 9 12 3 6 15 8 11 2 5 10 0 4 13  52
2 11 15 5 13 4 6 7 12 8 10 1 9 3 14 0  52
12 11 15 3 8 0 4 2 6 13 9 5 14 1 10 7  50
3 14 9 11 5 4 8 2 13 12 6 7 10 1 15 0  46
13 11 8 9 0 15 7 10 4 3 6 14 5 12 2 1  59
5 9 13 14 6 3 7 12 10 8 4 0 15 2 11 1  57
14 1 9 6 4 8 12 5 7 2 3 0 10 11 13 15  45
3 6 5 2 10 0 15 14 1 4 13 12 9 8 11 7  46
7 6 8 1 11 5 14 10 3 4 9 13 15 2 0 12  59
13 11 4 12 1 8 9 15 6 5 14 2 7 3 10 0  62
1 3 2 5 10 9 15 6 8 14 13 11 12 4 7 0  42
15 14 0 4 11 1 6 13 7 5 8 9 3 2 10 12  66
6 0 14 12 1 15 9 10 11 4 7 2 8 3 5 13  55
7 11 8 3 14 0 6 15 1 4 13 9 5 12 2 10  46
6 12 11 3 13 7 9 15 2 14 8 10 4 1 5 0  52
12 8 14 6 11 4 7 0 5 1 10 15 3 13 9 2  54
14 3 9 1 15 8 4 5 11 7 10 13 0 2 12 6  59
10 9 3 11 0 13 2 14 5 6 4 7 8 15 1 12  49
7 3 14 13 4 1 10 8 5 12 9 11 2 15 6 0  54
11 4 2 7 1 0 10 15 6 9 14 8 3 13 5 12  52
5 7 3 12 15 13 14 8 0 10 9 6 1 4 2 11  58
14 1 8 15 2 6 0 3 9 12 10 13 4 7 5 11  53
13 14 6 12 4 5 1 0 9 3 10 2 15 11 8 7  52
9 8 0 2 15 1 4 14 3 10 7 5 11 13 6 12  54
12 15 2 6 1 14 4 8 5 3 7 0 10 13 9 11  47
12 8 15 13 1 0 5 4 6 3 2 11 9 7 14 10  50
14 10 9 4 13 6 5 8 2 12 7 0 1 3 11 15  59
14 3 5 15 11 6 13 9 0 10 2 12 4 1 7 8  60
6 11 7 8 13 2 5 4 1 10 3 9 14 0 12 15  52
1 6 12 14 3 2 15 8 4 5 13 9 0 7 11 10  55
12 6 0 4 7 3 15 1 13 9 8 11 2 14 5 10  52
8 1 7 12 11 0 10 5 9 15 6 13 14 2 3 4  58
7 15 8 2 13 6 3 12 11 0 4 10 9 5 1 14  53
9 0 4 10 1 14 15 3 12 6 5 7 11 13 8 2  49
11 5 1 14 4 12 10 0 2 7 13 3 9 15 6 8  54
8 13 10 9 11 3 15 6 0 1 2 14 12 5 4 7  54
4 5 7 2 9 14 12 13 0 3 6 11 8 1 15 10  42
11 15 14 13 1 9 10 4 3 6 2 12 7 5 8 0  64
12 9 0 6 8 3 5 14 2 4 11 7 10 1 15 13  50
3 14 9 7 12 15 0 4 1 8 5 6 11 10 2 13  51
8 4 6 1 14 12 2 15 13 10 9 5 3 7 0 11  49
6 10 1 14 15 8 3 5 13 0 2 7 4 9 11 12  47
10 0 2 4 5 1 6 12 11 13 9 7 15 3 14 8  59
12 5 13 11 2 10 0 9 7 8 4 3 14 6 15 1  53
10 2 8 4 15 0 1 14 11 13 3 6 9 7 5 12  56




